Blog	time	started	ve	so	what	re	if	way	week	or	every	few	one	back	they	about	world	where	end	up	after	years	year	me	last	first	not	because	had	some	great	has	when	our	company	he	his	why	them	other	their	here	do	your	don	who	then	no	google	two	us	d	lot	part	never	before	over	people	very	make	most	out	good	have	today	been	think	my	next	still	like	will	may	could	called	all	these	get	best	trump	find	post	read	long	would	things	now	doesn	can	even	into	just	little	well	used	big	media	there	going	which	its	should	be	more	than	much	take	ll	off	around	made	go	money	see	any	down	show	she	know	want	say	love	own	old	life	work	only	many	need	m	another	something	said	site	too	through	data	right	might	also	real	use	day	service	place	those	did	while	news	were	open	come	story	better	video	her
Signal v. Noise	4	3	4	2	3	7	4	1	2	3	1	1	13	2	3	5	1	1	1	1	1	2	3	2	2	1	1	2	3	1	1	1	2	1	4	4	1	1	2	2	1	1	3	5	2	2	1	1	1	2	1	1	2	1	1	1	1	1	1	1	2	1	1	1	1	1	2	1	1	1	1	0	0	0	0	0	0	0	0	0	0	0	0	0	0	0	0	0	0	0	0	0	0	0	0	0	0	0	0	0	0	0	0	0	0	0	0	0	0	0	0	0	0	0	0	0	0	0	0	0	0	0	0	0	0	0	0	0	0	0	0	0	0	0	0	0	0	0	0	0	0	0	0	0	0	0	0	0	0	0	0	0	0	0	0	0
Eschaton	3	0	0	2	8	2	5	2	3	4	2	1	5	1	9	10	3	1	1	2	3	0	2	4	0	0	6	2	2	3	0	3	6	3	1	5	7	1	4	6	2	3	5	4	6	7	2	3	0	1	1	1	2	0	6	1	4	7	2	2	4	2	1	10	1	4	2	5	0	3	5	10	1	2	2	5	2	6	1	5	1	3	1	2	4	2	3	2	7	4	2	7	2	2	2	3	1	7	2	1	4	2	8	8	3	2	1	2	1	4	1	3	3	1	2	1	1	1	4	2	2	2	2	1	3	1	1	1	1	1	1	0	0	0	0	0	0	0	0	0	0	0	0	0	0	0	0	0	0	0	0	0	0	0	0	0
John Battelle's Search Blog	4	0	8	3	2	1	2	0	2	1	0	4	1	1	0	4	0	1	0	2	0	3	3	4	2	2	3	2	1	3	0	2	2	5	3	0	0	6	0	1	1	5	1	1	1	2	0	0	0	1	2	0	0	1	2	0	5	0	1	0	0	0	0	10	2	7	0	10	0	2	2	2	1	0	0	0	2	0	1	0	0	1	0	0	1	2	3	0	1	0	0	1	0	2	0	0	3	2	0	0	2	0	1	1	1	1	0	2	0	1	0	0	0	2	0	0	0	0	1	0	2	0	1	0	1	2	0	2	0	4	0	1	1	2	1	2	4	2	2	0	0	0	0	0	0	0	0	0	0	0	0	0	0	0	0	0
Guy Kawasaki	0	0	0	3	0	1	3	0	0	3	0	0	0	0	1	1	0	0	0	1	0	0	0	2	2	10	2	3	0	0	0	1	1	0	3	1	0	4	2	1	2	2	5	3	0	1	0	0	0	2	0	1	0	0	0	0	0	2	0	1	2	0	1	3	0	0	0	3	2	0	3	1	2	0	0	1	1	0	0	0	0	12	0	0	1	0	0	2	1	1	1	0	0	0	1	0	1	5	0	0	0	0	2	1	2	0	0	0	0	0	0	0	0	1	2	0	0	0	0	1	0	0	0	0	0	1	2	1	0	4	0	0	0	0	2	0	0	0	0	2	3	1	3	1	1	0	0	0	0	0	0	0	0	0	0	0
Google Blogoscoped	4	0	4	7	6	5	8	1	0	7	1	1	13	3	7	9	1	1	0	3	0	1	0	4	0	2	5	5	3	3	0	1	4	3	0	2	1	0	4	4	4	2	3	8	4	5	3	6	28	3	1	2	0	0	1	0	1	3	1	3	3	2	0	5	1	4	0	7	1	0	6	1	1	1	1	5	1	5	4	0	3	2	2	1	11	1	4	0	10	4	3	6	0	2	2	0	0	5	2	5	1	0	4	4	1	4	1	6	0	2	2	1	0	4	3	1	1	0	2	2	0	2	0	0	0	1	2	0	2	2	2	2	2	4	2	1	0	1	0	2	0	3	3	6	2	3	1	1	1	1	2	1	0	0	0	0
RSS feed – Search Engine Watch	1	0	1	0	0	2	3	0	0	7	0	1	2	0	0	1	1	1	0	5	0	0	3	0	0	10	0	2	0	0	0	1	2	2	1	0	0	0	0	0	0	5	0	14	0	0	0	2	16	0	0	1	0	1	0	0	0	1	0	0	0	0	0	2	0	1	0	0	0	0	1	0	0	0	0	1	3	3	5	0	1	10	0	0	0	0	1	0	4	1	0	0	4	0	0	0	0	1	0	1	1	4	3	5	0	0	1	0	0	0	0	0	0	0	1	0	0	0	0	0	0	0	0	2	0	0	1	2	1	0	0	0	0	1	0	0	1	0	0	0	0	1	0	0	0	1	0	0	0	0	0	1	0	0	0	0
ABC News: BLOTTER	0	0	0	0	0	0	0	0	0	0	0	0	0	0	0	0	0	0	0	0	0	0	0	0	0	0	0	0	0	0	0	0	0	0	0	0	0	0	0	0	0	0	0	0	0	0	0	0	0	0	0	0	0	0	0	0	0	0	0	0	0	0	0	0	0	0	0	0	0	0	0	0	0	0	0	0	0	0	0	0	0	0	0	0	0	0	0	0	0	0	0	0	0	0	0	0	0	0	0	0	0	0	0	0	0	0	0	0	0	0	0	0	0	0	0	0	0	0	0	0	0	0	0	0	0	0	0	0	0	0	0	0	0	0	0	0	0	0	0	0	0	0	0	0	0	0	0	0	0	0	0	0	0	0	0	0
Gigaom	1	1	0	0	1	0	0	0	0	0	0	0	2	0	0	10	0	0	0	0	0	0	0	0	1	0	0	0	0	0	0	0	0	0	0	0	0	1	0	0	0	0	0	0	0	0	0	0	0	1	0	0	0	0	0	0	0	0	0	0	1	0	0	0	0	0	0	2	0	0	0	0	0	0	0	0	0	0	0	0	0	0	0	0	0	0	0	0	0	0	1	0	0	0	0	0	0	0	0	0	0	0	1	0	0	0	0	1	0	0	0	0	0	0	0	0	0	0	0	0	0	0	0	0	0	1	0	0	0	1	0	1	0	0	0	0	2	0	0	0	0	0	0	0	0	1	0	0	0	0	0	0	0	0	0	0
Gizmodo	1	0	0	3	8	3	5	0	2	1	0	0	5	4	1	4	1	0	0	4	5	1	7	0	4	4	0	2	1	3	1	3	1	2	8	2	3	3	1	0	2	6	2	1	3	2	0	2	3	1	2	0	1	2	0	0	4	4	0	3	3	6	1	9	1	3	0	0	2	0	2	2	1	1	1	2	2	3	6	0	0	0	24	1	0	0	4	0	3	5	2	5	1	0	2	0	1	6	0	0	17	0	8	32	3	0	1	0	1	2	1	0	0	1	1	0	2	1	1	1	0	0	0	0	0	0	0	3	0	0	0	0	0	0	0	0	4	2	1	0	0	0	2	6	0	1	0	1	2	4	0	1	3	0	0	0
The Official Google Blog	28	9	21	23	20	38	26	7	7	62	6	6	28	5	43	34	17	11	10	32	7	2	11	6	7	15	7	2	9	9	7	16	25	66	6	5	8	2	22	10	46	11	12	107	10	18	13	5	93	8	17	7	4	10	5	6	12	33	1	19	10	24	1	38	18	10	4	22	5	4	36	32	4	6	4	20	18	28	14	0	12	3	1	2	3	2	21	1	92	17	25	14	2	8	8	5	7	21	3	27	17	4	43	81	10	3	9	20	5	16	4	7	0	24	5	5	5	3	7	6	4	1	15	1	8	20	5	7	5	4	6	2	4	3	2	17	11	8	5	39	4	26	23	6	2	8	2	10	21	5	8	4	4	15	9	9
Google Operating System	1	2	5	6	4	3	11	1	0	27	1	1	8	4	6	10	2	1	1	5	2	0	2	1	1	5	7	2	2	6	1	16	15	2	0	0	0	1	3	9	3	7	1	20	3	1	3	6	108	0	0	1	1	0	2	0	1	2	2	2	3	7	0	3	1	2	0	3	5	5	17	13	1	0	4	3	3	15	1	0	1	1	1	5	0	1	16	2	23	4	3	4	1	2	0	0	0	7	1	12	3	1	16	14	5	2	1	7	2	2	0	7	0	4	3	5	2	0	4	3	0	0	2	4	2	0	10	4	2	3	4	2	0	4	0	0	1	1	0	9	1	7	3	0	3	3	3	5	1	0	4	0	0	1	3	0
Creating Passionate Users	3	0	3	2	3	1	2	0	0	1	1	1	1	0	0	3	0	0	0	1	0	0	0	1	1	0	2	0	0	1	1	2	1	1	0	0	0	1	0	1	0	1	2	4	0	2	0	0	0	0	0	0	0	0	0	1	0	1	1	1	0	1	2	1	0	1	0	3	1	0	0	2	0	1	0	4	1	0	0	0	0	4	0	0	2	1	0	0	2	0	0	2	0	0	0	0	0	2	2	1	1	0	2	4	0	1	0	0	0	0	0	0	0	2	0	0	0	0	0	1	0	1	1	0	0	1	0	0	0	0	0	1	1	1	1	0	0	0	1	0	0	0	0	0	0	0	0	0	0	2	0	0	1	1	0	0
Instapundit	0	1	0	6	6	5	6	4	0	9	4	2	6	4	5	5	5	1	0	3	3	0	4	3	4	3	11	3	1	1	0	9	1	4	0	8	5	8	4	0	4	0	3	1	8	5	2	5	3	2	3	3	0	1	3	4	4	0	3	0	3	5	3	15	2	1	1	4	0	0	3	8	0	2	2	7	1	3	2	3	1	3	2	0	1	4	7	2	2	0	0	3	1	7	2	2	2	0	0	6	2	2	5	4	2	2	0	3	2	0	0	1	0	2	4	0	2	2	0	0	5	0	1	2	1	2	3	0	0	0	1	0	0	0	6	1	3	1	0	1	0	0	12	0	2	3	1	2	1	1	2	2	0	1	1	2
Joi Ito's Web	4	1	0	1	4	1	0	0	0	0	0	1	1	0	2	5	1	0	0	0	2	0	1	1	0	0	1	0	0	2	1	1	2	2	0	1	0	0	3	0	2	0	0	0	0	1	0	0	0	0	2	0	0	4	0	0	0	2	0	2	0	2	0	0	0	0	0	6	0	0	0	1	0	1	1	0	0	1	0	0	0	0	0	0	0	0	0	0	5	1	0	0	0	0	0	2	0	0	0	2	0	2	4	0	0	1	0	0	0	1	0	0	0	0	0	0	0	0	1	0	0	1	0	0	0	0	0	0	0	0	0	1	0	0	1	0	1	1	0	0	0	1	0	0	0	0	0	0	0	0	0	0	0	1	0	0
Mashable	11	2	6	14	17	13	8	5	0	20	2	3	18	2	11	38	6	5	2	13	6	9	11	2	4	6	12	10	2	10	4	21	14	2	0	17	13	2	3	6	8	8	7	23	8	4	0	8	2	6	7	4	4	1	2	3	6	9	4	3	12	14	5	12	4	4	3	4	2	2	19	13	1	0	2	16	10	12	27	0	6	2	30	0	5	5	5	6	25	7	8	7	4	7	2	3	0	12	4	8	3	1	15	70	4	7	1	2	4	3	1	5	0	52	3	9	13	10	5	3	2	2	1	5	4	3	2	6	6	3	3	2	3	0	2	4	3	8	2	13	5	3	12	5	1	5	2	7	2	2	1	4	0	2	6	6
MichelleMalkin.com	2	0	0	2	1	0	1	0	2	0	1	0	0	0	0	0	0	0	1	3	0	0	0	1	4	0	2	0	0	0	0	0	0	3	0	1	0	0	0	0	1	1	1	1	0	9	0	4	4	0	1	0	0	1	0	0	4	1	0	1	2	1	0	1	0	0	0	3	1	0	1	0	0	0	0	3	1	2	0	7	0	1	0	0	0	0	2	0	2	1	0	2	0	2	0	1	4	0	0	0	0	0	1	1	1	0	1	0	1	0	0	1	0	1	1	0	1	0	0	2	0	0	0	1	0	0	0	0	0	0	0	0	0	0	0	0	2	0	0	0	0	0	0	0	1	1	0	1	2	0	7	1	0	0	0	0
The Viral Garden	26	14	20	62	44	4	61	27	5	38	10	26	40	20	90	48	4	18	5	23	8	6	19	57	12	23	23	38	40	17	13	13	38	7	13	17	8	21	50	19	72	25	40	70	15	16	23	19	0	8	16	5	14	7	10	11	15	68	23	20	23	27	17	61	4	11	32	68	9	14	27	47	12	8	5	34	25	21	7	0	9	43	10	8	31	6	19	2	42	19	9	21	3	12	1	12	123	37	10	19	11	16	78	64	10	6	7	17	5	7	8	14	3	22	8	2	5	2	22	34	6	2	24	2	2	17	16	25	8	18	9	9	13	12	6	4	0	7	5	10	3	20	17	5	3	12	13	8	1	36	2	8	2	10	0	5
NB Blog Feed	2	0	1	4	11	2	8	2	7	9	0	0	7	1	13	14	3	4	1	8	6	2	1	2	0	3	5	2	7	3	0	9	9	6	0	16	13	2	3	2	5	1	2	8	5	7	3	9	1	6	1	2	0	3	1	2	9	3	0	0	4	4	2	12	1	7	1	0	1	0	4	5	1	2	2	10	0	1	1	30	0	3	1	1	5	3	7	3	6	7	4	6	2	1	0	2	18	8	1	7	8	2	8	5	2	4	2	1	3	0	2	0	0	2	2	2	11	10	1	0	2	1	1	1	1	0	1	0	1	0	2	1	1	1	2	2	0	4	2	2	2	1	12	5	0	2	3	3	11	6	3	4	7	1	1	5
PaulStamatiou.com - Technology, Design and Photography	1	6	0	0	2	0	0	0	0	0	0	0	1	0	0	2	0	0	0	0	1	2	0	1	0	0	0	0	0	0	0	0	0	0	0	0	0	7	2	0	0	1	2	0	0	0	0	0	2	0	0	0	0	4	0	0	0	0	0	0	0	0	0	0	0	0	0	2	0	1	0	0	0	0	0	0	1	0	0	0	0	0	1	0	0	0	2	0	3	0	1	0	0	0	0	0	0	0	0	0	0	0	0	2	0	0	0	0	0	0	2	0	0	0	0	0	0	0	1	0	1	2	0	0	1	1	16	0	2	1	0	1	0	1	2	0	0	0	0	0	0	0	0	0	0	0	0	0	0	0	0	0	0	2	3	0
Power LinePower Line	3	0	0	0	0	0	0	0	0	0	1	0	1	0	0	1	0	0	0	1	0	0	0	0	0	1	3	1	0	2	0	4	1	0	0	2	1	1	0	1	0	1	0	0	1	1	0	0	0	0	0	0	0	1	0	0	2	0	0	0	2	0	3	3	1	1	0	1	0	0	1	1	0	0	0	0	0	0	0	1	0	1	1	2	0	0	0	0	2	0	1	0	0	0	0	0	0	0	0	0	0	0	1	0	0	2	1	0	0	0	0	0	0	0	0	2	0	1	0	0	0	0	0	0	0	0	0	0	0	0	0	0	1	0	1	0	0	0	0	0	0	0	1	0	0	0	0	1	0	0	1	0	0	0	0	6
O'Reilly Radar	0	0	0	0	1	3	1	1	0	1	1	0	0	0	1	0	0	0	0	1	2	0	0	2	0	0	0	1	1	0	0	4	0	0	0	0	0	0	0	0	2	0	1	0	0	1	1	3	0	0	0	1	0	0	0	0	0	1	0	0	2	0	0	0	0	0	0	1	1	0	1	1	7	2	0	6	1	0	0	0	0	0	0	0	0	1	2	0	1	0	1	0	0	0	2	0	0	1	0	0	0	0	0	0	0	0	0	0	0	1	0	1	0	0	0	0	0	1	0	0	0	0	1	0	0	0	1	2	0	0	0	0	0	0	0	2	2	1	0	0	1	0	0	0	0	0	0	0	0	1	1	0	2	0	0	0
pharyngula	1	1	1	2	1	1	1	0	0	1	1	0	3	1	6	1	0	0	0	1	1	0	1	6	0	1	2	1	2	1	0	1	4	0	0	0	0	1	1	1	3	4	1	1	2	0	1	3	0	1	0	0	2	0	0	1	0	0	1	0	0	0	0	11	0	1	4	4	0	0	1	2	2	0	2	3	2	2	0	0	0	0	0	2	0	0	2	0	2	0	1	0	1	0	0	0	0	1	2	4	1	0	2	3	1	0	0	1	0	2	1	3	0	3	0	4	1	0	2	1	0	0	1	0	0	0	2	1	0	2	1	0	0	0	0	1	0	2	1	3	1	2	0	0	2	0	0	0	0	1	4	0	1	0	0	0
Seth's Blog	0	0	2	1	4	5	4	1	1	6	3	1	2	0	2	3	1	0	2	2	0	2	0	1	1	1	3	1	1	3	0	4	6	0	0	0	1	0	2	1	2	2	4	3	3	2	0	0	0	2	1	0	0	0	0	0	0	5	0	2	0	1	0	1	0	0	0	0	1	1	0	0	0	0	0	5	0	2	0	0	0	0	0	0	0	1	1	1	5	1	2	2	1	1	0	0	0	0	0	0	2	2	3	0	0	0	0	0	1	0	1	0	0	0	0	0	0	2	0	0	0	0	0	0	1	3	0	0	2	0	0	3	0	0	1	0	0	3	1	1	1	1	0	1	0	0	2	0	0	1	0	0	0	0	0	0
Slashdot	3	0	1	5	3	1	3	4	3	11	1	1	11	6	8	4	4	2	2	2	6	4	19	0	8	6	6	1	3	4	0	19	11	2	19	0	1	1	1	9	14	1	1	2	0	5	3	1	5	12	2	0	0	2	1	3	3	8	1	3	5	8	0	15	2	6	0	0	5	4	7	15	6	7	3	7	2	0	2	1	2	2	15	2	12	0	6	1	8	4	3	8	2	2	7	1	2	3	1	15	21	1	19	32	11	0	1	1	2	1	5	0	3	2	3	3	0	0	0	0	1	0	1	1	2	1	3	2	0	0	3	0	19	0	1	7	24	2	3	9	0	5	1	5	2	1	2	6	0	10	2	2	15	0	4	2
ThinkProgress	0	0	0	1	1	0	2	0	1	0	1	0	2	0	2	0	0	1	0	0	2	2	0	0	0	0	1	0	0	1	0	4	0	0	0	4	7	1	0	0	0	1	1	1	2	4	0	2	0	1	0	0	0	0	0	1	1	5	0	0	2	4	0	4	0	3	0	0	2	0	1	5	0	2	0	0	0	1	0	9	0	0	0	0	3	0	0	0	1	0	1	1	0	1	0	0	0	0	1	1	1	1	1	1	1	1	0	0	0	0	1	1	2	0	0	1	1	0	1	2	1	0	1	0	0	1	0	3	0	0	1	0	1	1	1	0	0	0	2	0	0	0	3	0	0	0	0	0	1	1	0	0	0	0	0	0
The Dish	6	1	3	6	9	2	2	0	1	3	1	0	10	3	8	9	8	0	3	7	2	12	3	11	3	4	6	1	4	1	0	8	5	6	0	3	11	5	0	2	7	2	4	13	4	5	7	6	0	1	3	1	0	3	2	1	3	5	1	2	5	3	0	5	1	6	1	17	1	2	0	6	1	1	0	6	5	2	0	0	2	4	11	7	1	3	2	1	5	5	1	4	2	1	0	2	0	3	2	2	0	4	13	7	4	2	1	3	0	5	2	3	1	0	1	1	0	1	7	1	1	7	1	3	1	3	3	3	0	1	2	0	4	2	1	4	0	0	1	0	1	1	12	0	1	3	2	0	2	1	2	0	4	2	0	1
WIL WHEATON dot NET	32	5	25	60	38	9	28	22	11	39	5	5	25	8	48	56	9	7	0	19	7	26	13	91	9	16	36	37	41	30	8	16	51	11	0	37	20	3	27	10	16	3	26	5	18	33	12	12	0	10	24	14	13	6	21	6	10	12	8	13	8	26	22	43	11	27	11	143	3	11	37	9	0	12	1	54	23	32	14	0	7	4	5	3	26	29	14	2	25	22	21	39	9	4	4	6	0	8	24	16	10	7	37	24	12	33	8	13	4	9	12	17	3	6	13	6	15	1	30	12	5	18	17	10	31	23	7	8	12	45	6	18	3	0	8	18	0	5	0	3	7	4	9	0	0	16	22	1	0	25	5	4	3	7	1	2
43 Folders	46	2	40	75	73	48	59	36	11	105	12	13	47	25	48	105	13	20	7	45	10	16	14	82	13	29	120	57	26	28	14	28	30	35	2	39	28	32	22	22	19	28	74	83	46	70	25	37	2	10	21	45	39	17	26	13	29	54	29	45	41	44	26	74	13	31	31	188	3	20	68	53	15	24	3	58	24	50	14	0	10	2	43	21	20	55	41	18	85	50	21	70	28	24	6	25	2	33	7	45	9	16	96	69	36	37	10	37	13	10	28	21	5	18	38	9	4	29	40	26	21	15	13	10	32	59	22	20	21	47	10	23	14	2	14	7	3	24	16	27	19	11	16	3	7	27	13	10	1	16	4	5	6	27	14	17
Autoblog	2	0	0	1	0	1	0	0	0	3	0	1	14	3	0	0	1	0	0	0	12	5	4	0	0	12	0	0	0	0	0	1	2	39	4	1	4	6	0	0	0	3	1	11	3	1	0	0	0	1	0	3	0	0	0	0	2	0	0	0	0	5	0	1	0	0	0	0	4	0	1	2	1	3	0	2	7	0	2	0	1	1	0	0	5	0	0	0	7	0	1	3	0	1	2	0	1	0	0	3	12	0	12	3	9	1	4	0	9	4	1	0	0	39	0	1	1	5	1	0	1	0	0	0	0	1	0	0	0	0	0	0	2	0	0	0	0	0	1	2	3	39	1	0	0	0	0	0	3	2	6	0	0	3	2	2
The Write News	0	0	0	0	0	0	0	0	0	0	0	0	0	0	0	0	0	1	0	0	1	4	2	0	1	2	4	0	0	0	0	6	0	0	2	1	0	0	0	0	0	0	0	0	2	0	0	0	0	0	0	0	0	0	0	0	0	4	3	0	0	2	1	1	1	0	0	0	1	0	0	1	2	0	2	0	0	0	0	3	0	0	15	0	0	0	0	1	0	0	2	1	0	0	0	0	3	0	0	0	1	0	0	15	0	0	0	0	0	0	0	0	0	0	0	0	0	1	0	0	0	0	0	1	0	0	0	0	0	0	0	0	0	0	0	0	0	0	0	0	0	1	0	1	0	0	0	0	0	0	0	0	0	0	5	1
blog maverick	1	0	0	0	4	0	2	0	0	4	1	0	2	1	0	1	0	0	0	1	0	0	0	2	0	0	5	0	1	3	1	0	2	2	0	1	0	1	0	1	1	0	3	0	2	1	1	3	0	0	3	0	0	0	0	0	0	1	2	0	1	1	1	6	0	2	1	4	0	0	2	1	2	0	1	2	0	1	0	2	3	0	0	2	1	0	0	0	0	2	2	0	0	0	0	0	2	4	0	1	0	1	2	1	3	0	1	0	0	0	0	1	3	0	1	0	0	0	1	0	0	1	0	0	0	0	0	0	0	1	0	0	1	0	0	1	0	2	0	0	2	1	1	0	0	0	0	1	4	0	1	0	0	1	0	0
Boing Boing	3	2	5	9	6	10	5	4	3	15	1	3	7	3	17	13	2	2	2	10	7	3	0	3	2	2	13	5	7	3	0	14	4	1	2	18	18	0	3	6	7	4	7	4	2	12	6	4	0	2	6	1	0	1	4	2	4	10	1	8	2	3	3	12	2	4	8	4	1	3	7	8	0	4	9	5	3	2	0	2	2	0	32	2	6	5	8	5	9	3	4	6	0	3	2	3	3	6	5	9	11	2	17	5	5	4	4	4	2	1	6	3	3	2	0	0	7	0	1	1	0	2	1	0	5	2	5	2	1	4	1	3	8	2	5	3	1	3	2	9	2	2	3	0	1	4	3	3	3	18	0	3	2	1	7	1
BuzzMachine	2	0	4	3	7	1	1	0	1	1	1	0	3	0	3	8	3	0	1	2	0	1	1	7	2	15	6	1	0	0	0	0	3	3	1	5	1	0	2	1	3	1	4	1	2	1	3	2	1	0	3	1	0	1	0	0	4	1	1	2	0	0	2	6	1	5	3	7	0	1	3	2	1	0	0	3	0	2	0	1	0	17	0	0	1	0	1	0	2	0	0	1	0	1	0	0	9	1	0	1	5	2	2	0	0	0	1	1	0	1	0	2	1	0	1	0	0	0	3	0	1	0	0	0	0	0	0	1	0	1	0	0	0	0	2	1	1	0	0	2	0	0	1	0	0	0	1	1	8	0	1	0	2	1	0	0
Captain's Quarters	1	1	0	0	0	0	1	0	1	0	0	1	2	2	2	3	1	0	0	1	3	2	0	2	0	2	3	0	3	1	0	7	2	0	0	6	6	0	0	2	6	0	0	0	0	1	0	1	0	0	3	0	0	0	0	0	1	0	0	0	0	4	0	2	2	2	0	2	1	1	0	5	0	0	0	0	0	0	1	0	0	1	0	0	1	0	0	0	1	1	2	0	0	1	0	1	1	0	0	0	3	2	4	3	2	0	1	0	1	0	0	0	1	0	0	2	1	1	0	0	0	1	0	0	0	1	1	0	0	0	1	0	0	1	1	1	0	0	0	2	0	1	2	0	0	0	3	1	1	0	0	0	4	0	0	1
COOL HUNTING	1	0	0	1	1	0	0	0	1	4	0	0	2	1	1	1	0	3	0	2	0	2	1	0	0	1	1	1	0	4	0	6	0	1	0	0	2	0	2	1	5	0	1	0	0	0	0	0	0	3	2	0	1	2	0	0	1	1	0	3	0	0	0	0	0	1	0	0	0	0	2	3	0	0	0	2	2	0	1	0	1	0	0	1	0	2	1	0	3	0	4	1	0	0	0	2	0	2	0	6	3	0	3	2	0	0	1	0	0	0	4	0	0	0	0	0	0	0	0	1	0	1	1	1	0	1	2	0	0	0	1	1	0	0	0	1	0	0	0	0	0	0	0	0	0	0	0	1	0	0	0	0	0	0	2	0
Copyblogger	1	1	1	0	0	4	1	0	1	3	0	0	0	0	1	1	0	0	0	0	1	0	0	1	0	10	1	0	1	0	0	0	3	0	0	1	0	2	2	0	0	0	3	10	0	1	0	0	0	3	0	0	0	0	1	3	0	2	0	0	0	0	5	1	0	0	0	2	0	0	1	0	0	2	0	0	0	0	0	0	2	11	0	0	0	0	0	0	0	0	0	0	0	2	0	0	0	0	0	0	0	0	2	0	0	0	4	0	0	0	0	0	0	0	0	0	0	0	0	1	1	0	0	0	0	0	2	1	0	1	0	0	0	0	1	2	0	0	0	0	2	0	2	1	0	0	0	1	0	0	0	0	0	1	0	2
Latest from Crooks and Liars	1	0	1	8	14	6	1	1	2	6	3	2	3	0	17	9	0	3	1	7	3	1	2	4	0	4	6	6	4	4	1	5	5	0	0	18	11	2	5	1	2	0	4	8	2	6	0	3	0	1	0	1	4	1	1	1	2	6	1	3	0	3	0	5	1	3	7	2	1	0	6	9	0	3	1	1	0	4	0	21	0	0	5	0	6	1	1	1	3	1	0	7	2	2	0	0	0	4	8	1	0	2	4	9	3	0	2	0	1	1	1	3	0	4	3	1	4	8	7	2	2	0	1	1	0	1	1	0	2	2	0	2	8	1	0	2	0	1	3	2	2	2	0	0	1	2	4	1	8	3	1	0	3	0	0	1
Deadspin	2	0	0	1	1	1	2	2	3	2	0	0	3	0	1	2	6	0	2	3	1	0	2	0	2	5	6	0	2	0	0	1	2	1	0	2	5	0	0	0	4	0	0	1	1	3	0	3	0	1	0	1	0	0	2	2	0	3	2	2	1	5	1	4	1	1	1	0	0	1	0	2	0	0	0	2	1	0	3	3	0	0	23	0	0	0	1	0	2	3	1	1	0	0	0	0	0	0	0	0	4	1	4	27	3	1	1	1	0	0	0	2	1	0	0	2	0	0	0	0	1	1	0	2	2	2	1	1	1	1	0	0	0	0	1	1	0	0	0	0	0	1	1	0	1	0	1	1	3	2	0	2	0	0	0	0
Tech	0	0	0	0	1	0	3	0	1	0	0	0	0	2	0	2	1	0	1	1	2	0	0	0	1	1	0	1	0	0	0	0	2	0	3	3	2	0	0	0	2	0	0	0	0	2	1	4	1	0	1	0	1	1	0	0	1	2	0	0	0	1	0	0	0	0	0	0	0	0	0	1	0	1	0	0	0	0	0	0	0	1	0	1	1	0	1	0	0	1	1	0	0	0	3	0	3	1	0	0	4	1	1	1	1	0	1	0	1	0	0	2	2	0	0	3	0	1	0	0	0	0	0	0	0	0	0	0	0	0	0	1	3	0	0	0	1	0	0	1	0	0	0	1	0	0	0	0	0	0	0	1	0	0	2	0
Engadget RSS Feed	1	1	2	3	7	1	3	2	3	4	1	1	6	0	5	3	3	2	0	2	5	0	2	1	1	3	2	0	2	3	0	16	0	0	5	0	1	3	3	1	0	2	1	5	1	1	1	1	0	2	2	1	0	0	0	1	1	2	1	0	2	5	1	4	0	3	0	1	0	0	4	2	4	0	2	1	0	4	1	0	3	0	0	0	3	2	6	0	6	1	1	3	1	3	1	0	1	3	2	4	8	1	8	7	3	1	0	0	0	0	1	1	0	0	2	1	1	0	2	2	0	0	1	0	1	1	3	1	2	1	2	1	0	0	0	1	0	0	2	2	0	0	2	6	2	3	0	1	1	1	1	0	0	2	2	0
Gapingvoid	0	0	1	1	9	2	2	1	0	3	0	0	1	0	0	2	0	0	0	0	1	1	0	0	0	11	5	0	1	0	2	3	1	3	1	1	1	3	0	0	0	0	4	6	2	0	0	0	0	0	0	0	1	0	0	1	0	0	0	0	0	2	6	3	0	2	2	2	0	0	0	0	0	0	0	7	0	0	0	0	0	10	0	0	0	0	0	0	1	0	0	0	0	0	0	3	0	2	0	0	0	0	4	0	0	0	2	0	0	0	1	1	0	0	0	0	0	0	4	0	0	0	2	1	2	1	0	0	2	0	0	0	0	0	0	0	2	0	0	0	4	0	0	0	0	0	0	0	0	0	0	0	0	0	0	1
Gothamist	3	0	0	1	2	2	2	0	3	0	0	1	1	1	1	2	0	0	3	6	2	0	3	1	0	0	3	7	3	0	0	5	0	4	0	2	2	2	1	3	2	1	2	3	3	4	1	2	0	0	1	3	0	0	0	2	3	4	1	2	0	8	1	8	4	4	0	4	2	0	2	7	0	1	0	3	2	3	1	6	1	0	0	2	0	2	0	1	2	0	1	1	1	0	0	2	0	3	1	1	1	0	4	46	1	1	1	0	2	0	1	2	0	2	0	1	2	2	1	2	0	2	0	3	1	2	0	1	0	1	3	0	4	0	0	0	0	0	0	1	1	0	5	0	0	2	0	0	1	1	0	2	0	0	3	1
Joel on Software	1	0	0	0	1	2	1	1	1	1	0	0	0	0	0	0	0	1	0	3	1	1	1	0	2	0	2	0	1	1	0	1	1	0	3	0	0	0	0	0	0	1	1	3	0	1	0	0	0	0	0	0	0	0	0	0	0	0	0	0	1	2	0	0	0	0	1	1	2	0	0	0	0	0	1	1	0	1	0	0	0	0	10	0	0	0	1	0	0	0	0	0	0	0	0	0	0	1	0	0	0	1	0	10	0	0	0	0	0	1	0	0	0	0	0	0	0	0	0	2	0	0	2	0	0	1	0	0	0	1	0	0	0	0	1	0	0	0	0	0	0	0	2	0	0	0	0	0	0	2	0	0	1	0	1	0
Kotaku	4	0	1	1	1	3	2	2	0	1	1	2	4	2	2	2	3	0	0	5	0	3	1	3	1	1	3	0	1	3	1	5	2	1	2	1	1	0	0	0	1	1	2	2	0	4	1	0	0	1	0	0	5	0	1	0	1	1	1	2	1	2	2	4	4	4	1	3	0	0	5	0	0	1	0	1	3	1	5	0	4	0	20	0	1	1	3	0	8	0	2	4	2	1	0	0	0	1	1	1	3	0	4	25	2	1	0	0	3	2	0	1	0	3	0	1	0	1	0	1	1	0	0	0	1	2	1	0	0	0	1	1	0	0	1	3	0	0	1	2	1	2	1	1	0	0	2	1	0	1	1	1	0	4	4	0
kottke.org	22	1	8	30	25	11	12	13	2	30	11	6	43	6	52	31	32	6	7	20	10	16	10	11	3	20	34	18	11	37	3	26	18	7	1	16	20	8	23	19	34	16	13	7	12	17	8	8	4	9	15	3	4	15	3	8	16	18	9	14	21	23	7	36	0	13	3	14	7	10	27	17	6	10	6	38	18	12	9	0	8	4	8	9	11	14	23	7	35	12	23	24	4	13	9	2	3	22	7	28	18	1	30	27	11	13	4	8	2	14	8	6	0	18	9	11	5	18	10	3	6	7	5	6	6	13	10	9	6	6	10	6	17	0	5	12	3	8	5	32	3	5	5	6	7	13	6	16	0	17	4	1	3	4	17	30
Lifehack - Feed	2	0	0	1	3	1	1	0	1	6	3	1	0	1	3	3	0	2	0	1	1	0	0	1	0	2	2	1	2	3	0	0	2	3	0	0	0	1	0	0	2	0	4	8	3	0	0	1	0	0	0	1	3	1	0	0	2	4	0	7	0	1	2	1	0	0	2	1	1	1	4	3	0	1	0	0	1	1	2	0	4	0	11	1	1	0	2	1	2	1	0	1	0	0	2	0	2	0	0	0	0	0	7	13	1	2	1	0	0	0	0	1	0	0	0	0	0	0	1	2	0	2	0	0	1	3	2	2	4	0	0	1	0	0	1	3	0	0	1	0	0	1	3	0	1	0	1	2	3	0	0	1	0	1	0	0
Lifehacker	5	1	7	3	2	6	5	3	5	11	2	2	3	1	9	6	2	0	1	2	1	0	1	1	4	0	6	5	0	9	2	2	8	7	3	0	1	4	3	1	2	3	3	27	3	4	6	2	8	1	1	1	0	1	2	2	1	2	1	4	1	2	3	7	0	3	0	1	1	2	3	1	0	0	0	4	0	3	5	0	2	1	23	1	0	0	5	2	5	2	3	2	0	1	0	1	0	3	1	2	2	5	12	31	3	1	2	4	1	2	2	2	4	0	1	0	0	0	0	2	2	0	0	2	0	2	1	1	1	3	0	2	0	0	0	0	0	3	5	0	2	2	1	0	0	0	0	2	0	0	0	1	0	0	1	0
Little Green Footballs	6	1	1	6	7	2	1	1	7	0	1	0	6	1	7	14	2	4	2	8	2	4	2	6	6	1	11	5	3	5	1	4	5	10	0	12	15	1	1	6	4	11	1	4	1	17	1	0	1	1	5	9	2	1	0	0	3	7	2	2	4	9	5	10	7	5	0	7	3	0	7	4	2	1	2	10	1	5	5	50	1	1	1	3	3	3	8	0	9	1	8	5	1	1	1	1	2	3	1	5	2	1	8	14	1	3	0	1	2	1	3	0	0	5	4	2	4	0	2	1	0	2	2	1	1	1	2	2	0	1	2	2	2	2	1	2	0	4	4	3	0	0	1	0	2	2	1	2	11	2	2	0	5	1	24	3
Make: DIY Projects and Ideas for Makers	0	0	1	1	2	0	0	0	0	0	0	1	1	2	1	1	0	2	0	1	1	0	1	0	2	10	1	0	0	2	0	1	0	3	0	0	0	0	0	0	3	0	2	2	0	2	0	0	0	0	4	4	0	0	0	0	1	0	0	22	0	0	0	1	0	0	0	1	0	0	1	1	0	0	0	0	0	0	0	0	0	10	10	0	0	0	0	0	4	0	0	2	0	0	0	0	0	0	1	0	1	0	3	11	0	1	3	1	1	0	1	0	0	1	0	0	0	0	1	0	0	3	1	0	0	0	0	1	0	0	0	0	0	2	0	0	0	1	0	0	0	2	1	0	0	1	1	0	0	0	5	0	0	0	4	0
Matt Cutts: Gadgets, Google, and SEO	2	1	3	3	1	1	1	2	2	4	1	1	5	1	3	8	1	0	1	3	1	2	4	1	5	0	1	1	0	3	2	4	1	0	0	4	0	0	2	0	3	1	4	2	0	1	0	0	7	0	7	1	1	1	0	0	1	4	0	2	0	1	2	0	1	1	0	4	0	0	4	0	0	0	3	2	1	3	1	0	0	0	0	0	1	0	0	0	2	0	0	3	3	0	0	0	0	0	0	1	0	1	0	2	0	0	0	0	0	0	0	2	4	1	0	2	0	0	1	0	1	0	0	0	0	3	0	1	1	1	0	1	0	0	2	0	0	0	1	2	0	0	0	7	0	0	0	2	1	0	0	0	0	1	0	2
mezzoblue	0	1	6	1	1	1	2	2	0	1	0	1	2	1	0	1	0	1	0	0	0	3	0	2	0	1	2	0	0	1	0	1	2	1	0	0	0	0	2	0	0	1	0	0	0	0	0	1	0	0	0	1	1	0	0	0	4	0	0	2	1	2	0	1	2	3	0	3	0	1	0	1	0	0	0	1	1	0	0	0	0	0	0	2	0	0	1	1	1	0	1	1	0	1	1	0	0	0	0	1	1	2	1	0	0	1	1	0	0	0	0	0	0	0	1	0	0	0	0	0	0	0	1	1	0	0	0	0	0	1	0	0	0	2	1	0	0	1	0	1	0	1	0	0	0	0	0	1	1	0	0	2	0	0	1	0
Oilman	3	1	2	4	4	3	3	1	2	2	1	1	3	1	1	2	0	0	0	3	1	2	1	4	1	0	1	0	4	3	0	1	0	1	0	0	0	1	0	0	1	1	0	0	1	0	1	1	1	0	0	0	1	1	1	0	2	4	0	0	1	2	1	3	1	2	1	7	1	0	3	0	0	1	1	1	0	2	0	0	0	1	0	1	2	0	2	1	0	0	1	2	0	1	0	0	0	0	0	0	0	0	1	0	0	1	1	0	1	1	0	0	0	2	1	1	1	0	1	0	0	2	1	1	1	0	1	2	0	1	0	0	0	1	0	0	0	0	1	1	0	1	0	0	0	0	1	0	1	1	0	0	1	0	0	0
Derek Powazek	4	2	11	7	9	7	9	0	3	5	3	5	13	2	6	9	3	0	0	11	4	5	4	15	7	3	6	3	3	3	5	5	11	3	1	5	3	1	2	3	4	6	7	6	4	1	7	2	0	9	4	2	1	2	3	1	5	2	1	1	2	9	1	3	2	8	4	22	1	4	9	5	0	1	0	10	2	6	1	0	1	3	0	1	0	1	10	0	8	1	4	11	7	2	1	1	2	7	4	2	1	1	7	6	2	1	1	4	1	1	2	4	3	3	0	2	3	7	6	1	3	1	2	2	5	3	1	1	1	12	3	8	3	2	2	1	0	4	1	2	0	0	2	0	0	1	4	1	1	2	1	3	3	0	0	9
ProBlogger	10	4	5	1	12	11	8	4	0	10	0	1	7	3	2	3	1	2	1	1	4	5	0	1	0	44	1	1	1	1	7	2	7	0	0	2	5	0	4	2	4	3	11	54	10	0	2	2	0	1	0	1	4	0	1	1	1	6	2	5	5	4	0	4	1	3	2	8	0	1	1	0	3	5	0	0	1	9	3	0	4	62	1	0	1	14	2	0	8	2	8	0	0	0	0	1	1	2	2	0	1	7	14	27	2	5	1	1	0	2	0	1	3	1	0	1	0	0	2	5	0	0	1	0	6	7	2	1	4	2	1	0	0	3	0	0	0	1	3	3	0	3	3	1	0	0	0	3	0	1	0	1	0	0	0	0
Quick Online Tips	0	0	0	0	1	0	1	5	0	0	0	0	0	0	1	0	0	1	0	0	0	0	0	0	0	11	1	0	0	0	1	1	0	1	2	0	0	0	1	0	1	1	0	8	1	0	0	0	10	0	0	0	0	0	0	0	0	1	2	4	1	1	0	4	0	0	0	0	0	0	1	3	0	0	1	8	0	0	4	0	0	8	18	3	0	0	2	0	2	1	1	1	0	1	1	0	0	0	0	3	0	0	1	8	0	1	0	0	0	0	0	0	0	1	0	0	0	0	0	1	0	0	0	0	0	0	0	1	0	0	0	0	0	1	0	0	0	0	0	0	0	0	0	0	0	0	1	1	0	0	0	0	0	3	0	0
ReadWrite	1	2	3	3	2	1	6	3	3	6	2	1	5	0	5	8	3	1	1	2	1	3	1	1	1	20	2	0	1	0	1	5	3	4	11	2	2	14	2	3	6	4	1	7	1	2	0	0	0	0	3	2	1	5	1	2	1	6	0	4	4	1	0	7	1	3	2	0	0	0	1	5	2	1	0	2	1	1	2	0	1	20	1	1	0	3	3	1	5	3	2	1	1	1	1	0	0	1	0	1	1	0	4	6	5	1	0	0	0	2	0	0	0	0	1	0	0	0	1	1	0	1	0	0	0	0	1	1	5	0	1	0	1	0	3	1	6	3	0	0	0	5	0	5	0	1	2	3	0	0	3	1	0	0	0	0
Schneier on Security	0	0	0	0	1	0	1	0	1	0	0	0	1	0	5	5	0	0	0	1	0	0	0	0	0	0	2	5	1	0	0	3	0	3	2	0	1	0	1	2	4	1	2	0	0	0	0	0	1	1	0	0	0	0	0	1	0	1	0	2	0	1	0	0	1	0	0	1	0	0	0	1	0	0	0	1	0	0	0	0	0	1	1	0	0	0	0	2	2	1	1	0	0	0	1	0	0	0	0	1	4	0	0	2	1	1	0	0	0	0	1	0	0	0	0	0	1	0	0	0	0	0	3	0	0	0	0	0	0	1	0	0	0	0	0	0	1	0	0	1	0	3	0	1	0	0	0	0	1	4	0	0	2	0	1	0
ScienceBlogs - Where the world discusses science	8	0	10	18	19	2	13	6	4	21	4	1	21	8	33	24	19	8	3	12	9	5	6	10	7	6	41	9	10	17	3	19	21	16	2	32	12	7	16	10	28	7	14	6	9	20	7	14	0	4	11	4	3	5	1	6	11	20	10	3	10	12	1	35	2	19	3	14	2	9	17	19	3	17	1	27	15	6	2	4	0	6	4	10	15	5	9	3	22	22	12	19	5	8	3	7	2	23	5	21	5	12	43	13	11	10	8	5	6	6	4	2	1	13	10	2	1	3	10	10	2	2	2	2	1	8	8	12	8	4	7	1	2	1	5	4	5	3	11	14	0	5	6	0	4	9	4	10	5	16	1	8	2	4	0	7
Search Engine Roundtable	0	1	1	2	2	0	1	0	0	2	0	0	1	0	1	2	1	2	0	1	0	0	1	0	0	1	5	0	0	4	0	2	5	0	0	3	1	0	2	3	1	2	2	6	2	2	0	0	37	0	3	0	1	0	0	0	1	2	1	0	0	1	0	1	3	0	0	4	0	1	2	3	2	0	0	4	3	3	0	0	0	0	0	0	1	0	3	2	1	1	0	2	1	1	0	0	0	0	0	1	1	0	6	1	0	1	0	1	1	3	0	1	0	0	0	0	2	0	1	0	0	0	0	0	0	0	0	0	0	0	0	0	2	6	0	1	0	0	2	1	1	1	4	0	0	0	1	0	0	1	0	0	0	0	0	0
ShoeMoney	7	6	10	6	13	33	18	2	0	13	2	8	7	4	16	4	2	5	3	11	2	5	1	4	0	3	12	1	5	8	2	5	13	1	0	3	2	4	2	1	8	10	12	34	8	11	7	2	1	0	0	6	1	1	4	0	6	12	1	12	3	14	1	10	3	3	6	16	2	3	4	2	0	12	1	4	2	9	6	0	5	1	1	1	13	3	3	2	13	6	5	8	2	4	0	1	0	5	6	2	4	3	18	9	7	0	3	5	2	0	2	2	16	7	2	3	0	5	1	5	4	1	2	1	2	2	6	0	11	1	2	4	0	3	1	2	8	4	9	2	0	1	3	6	1	2	1	5	0	1	1	2	0	2	1	2
Sifry's Alerts - David Sifry	11	2	25	28	18	34	19	4	3	40	1	2	15	1	15	22	8	10	6	18	4	2	10	8	6	11	5	0	9	21	13	6	13	11	1	2	2	8	4	8	21	7	23	65	7	14	6	3	1	5	14	4	9	8	0	5	13	3	10	15	8	29	5	30	6	10	6	16	11	14	19	13	0	4	2	21	3	22	2	0	3	4	5	5	2	10	4	1	27	13	10	14	0	16	6	4	2	25	12	11	2	4	31	44	12	11	8	17	11	5	0	7	8	3	2	3	3	2	7	20	4	4	3	8	0	7	8	8	6	11	2	8	0	6	4	6	4	6	1	16	2	6	8	2	7	13	2	12	1	5	3	6	1	2	3	2
SimpleBits	25	10	14	19	28	24	10	11	1	18	4	4	12	13	20	16	5	7	6	19	6	12	5	19	5	5	17	3	11	18	4	9	18	9	7	3	2	0	11	9	5	15	7	24	7	7	9	17	0	2	5	12	8	2	13	4	13	13	8	5	9	20	8	12	4	8	2	32	5	5	14	7	1	3	3	19	6	14	6	0	4	0	1	10	14	21	7	2	23	8	11	18	6	7	1	5	1	18	6	8	3	6	30	17	1	7	5	23	4	10	5	7	0	7	4	3	1	4	7	1	1	7	3	4	9	17	2	10	8	18	4	13	3	4	5	6	0	5	2	9	0	5	8	0	3	10	3	11	0	11	1	7	0	3	3	6
Steve Pavlina	6	2	10	10	7	4	5	1	2	2	0	1	1	0	3	5	0	1	0	3	0	7	3	1	2	24	4	0	0	3	0	1	5	3	0	1	0	0	3	1	1	4	5	10	3	4	3	0	0	1	1	0	1	0	3	1	4	5	1	3	1	3	0	5	2	3	2	15	2	0	8	2	4	1	0	7	1	0	0	3	3	22	1	0	0	0	3	0	4	1	1	1	0	5	0	0	0	1	1	4	0	0	3	6	5	2	0	1	0	1	2	0	0	2	0	0	0	2	1	0	1	0	1	0	3	7	2	1	0	2	1	0	0	0	1	0	0	0	1	2	0	0	8	0	0	1	1	0	0	2	2	1	0	1	4	0
Talking Points Memo	0	0	0	0	0	0	0	0	0	0	0	0	0	0	0	0	0	0	0	0	4	0	0	0	0	0	0	0	0	0	0	0	0	0	0	1	2	0	0	0	1	0	0	0	0	0	0	1	0	0	0	1	0	0	1	0	0	0	0	0	0	1	1	0	0	0	0	0	0	0	0	0	0	0	1	0	0	0	0	3	0	0	1	0	1	0	2	0	0	1	1	0	0	0	0	0	0	0	0	0	0	0	0	2	0	0	0	0	2	0	0	0	0	0	0	0	0	1	0	0	0	0	0	0	0	0	0	0	0	0	0	0	0	0	0	0	0	0	0	0	0	0	0	0	0	0	0	0	0	0	0	0	0	0	0	4
ongoing by Tim Bray	3	0	5	4	7	2	5	6	0	5	1	4	4	0	3	4	2	0	0	3	0	2	0	2	2	2	5	0	2	2	2	5	1	6	0	0	0	0	2	2	1	5	2	2	0	1	0	1	9	1	1	2	3	0	1	0	0	0	1	2	1	5	2	3	0	3	0	6	0	1	1	0	1	0	1	1	2	5	1	0	1	1	1	1	1	0	0	0	1	1	3	2	1	1	0	0	0	7	3	3	0	0	4	3	3	0	0	2	0	0	1	3	2	0	3	1	0	4	3	1	1	0	0	0	5	5	1	2	2	2	0	1	0	0	1	3	1	0	2	4	1	2	1	1	3	1	3	0	0	0	2	0	1	2	0	5
TechCrunch	3	2	0	1	0	2	3	0	2	2	0	0	4	3	7	1	0	1	2	3	4	4	0	0	2	0	0	0	0	2	0	10	4	2	4	0	0	0	1	3	7	1	0	3	0	3	2	3	1	2	0	1	0	1	0	0	1	1	0	2	2	3	0	3	5	1	1	0	1	0	1	0	0	2	0	1	0	2	0	0	1	0	0	2	0	0	2	0	11	0	0	5	0	2	1	1	1	2	1	3	6	0	4	9	2	1	3	0	0	1	0	2	0	0	1	1	0	0	0	1	1	0	1	0	1	0	1	1	0	4	2	3	0	0	0	0	2	0	0	3	1	1	3	4	0	0	0	0	1	0	2	1	0	0	3	1
Techdirt.	13	2	18	34	47	30	51	11	16	69	11	8	39	15	93	62	7	9	3	48	25	16	17	3	11	22	93	19	53	41	5	82	30	23	29	56	39	10	21	33	65	12	24	21	15	55	26	29	5	15	18	3	6	12	4	9	32	43	22	17	12	37	14	92	6	48	6	4	8	28	37	35	17	28	12	64	20	24	5	7	11	1	3	11	39	7	30	12	34	37	18	33	8	15	10	2	10	57	19	41	40	16	103	66	37	35	8	7	11	14	16	18	10	12	25	19	7	8	13	13	9	0	10	3	3	3	31	21	14	5	5	12	33	7	26	12	42	16	17	46	6	16	7	5	15	14	13	22	9	42	4	8	31	6	3	11
TMZ.com	0	0	1	1	0	2	1	1	1	4	0	0	5	1	1	2	1	1	0	2	5	0	2	0	1	0	2	0	0	0	0	4	3	2	2	20	18	1	0	2	0	1	0	1	0	3	0	0	0	1	1	3	1	1	1	1	1	1	0	2	0	3	1	2	1	0	0	0	1	0	3	4	0	2	1	1	0	0	0	2	0	0	1	0	1	1	1	0	0	0	1	3	0	0	1	2	1	1	0	3	1	1	1	2	1	0	2	0	5	0	0	0	1	0	0	2	2	3	1	0	1	1	1	1	1	0	0	0	0	0	0	0	0	0	0	0	0	0	0	1	0	0	0	2	0	0	1	1	0	0	1	0	1	1	0	1
Latest Items from TreeHugger	1	0	0	2	2	1	1	0	1	1	1	0	2	0	2	1	3	1	0	1	0	1	1	0	1	0	1	1	0	0	1	1	1	4	0	1	0	1	2	0	2	3	0	4	2	4	0	2	0	0	1	0	0	0	0	1	0	3	0	0	1	2	0	2	0	0	0	0	0	1	2	4	0	2	0	4	2	1	1	0	0	0	0	1	0	0	1	0	1	1	3	3	0	0	0	3	0	2	0	0	4	0	3	1	2	1	4	0	1	1	2	0	0	0	0	0	0	0	1	1	0	0	1	1	0	0	0	1	2	1	0	0	0	0	0	0	0	1	1	0	2	1	5	1	0	0	0	0	0	0	0	0	0	2	0	0
We Make Money Not Art	0	0	0	0	0	1	1	0	0	1	1	1	0	0	0	2	3	2	0	0	0	1	0	0	0	0	0	0	0	0	0	4	0	2	0	0	0	0	0	1	0	0	0	1	1	1	0	0	0	0	2	0	0	2	0	0	0	0	0	0	0	0	0	0	0	0	0	0	0	0	0	0	0	0	0	1	0	0	0	0	0	0	0	0	0	0	1	0	0	1	0	0	0	0	0	0	0	0	0	1	1	0	0	0	0	0	0	0	0	0	0	0	0	0	0	0	0	0	0	0	0	0	0	0	1	2	0	0	0	0	0	0	0	0	0	0	1	0	0	0	0	1	0	0	2	0	0	0	0	0	0	0	0	0	0	0
Wired	3	0	0	1	5	2	2	1	3	5	0	1	1	0	1	1	1	0	0	6	2	0	0	0	1	0	2	0	1	1	1	3	1	1	1	2	1	0	2	0	1	2	0	7	2	2	1	1	1	1	2	0	0	1	0	0	0	2	0	1	1	4	0	3	2	0	1	0	1	0	1	0	0	2	0	2	4	3	5	0	0	0	0	0	1	0	0	0	5	1	1	0	0	0	1	1	0	0	1	0	0	0	2	5	2	1	0	0	1	0	0	0	0	0	0	0	0	0	0	0	0	0	0	0	2	1	0	0	1	0	0	0	0	0	0	0	2	0	2	1	0	0	0	1	0	0	0	0	4	0	1	0	0	0	0	1
Wonkette	57	13	22	132	108	69	138	28	20	108	18	8	96	40	107	146	30	39	24	80	49	16	28	35	32	42	217	98	63	74	26	90	66	43	12	260	164	32	50	48	60	70	91	64	41	126	53	77	1	35	79	37	24	7	24	35	36	78	38	30	22	100	44	141	15	49	37	46	21	20	146	65	23	34	20	135	33	51	15	182	18	13	22	12	105	29	45	20	91	42	40	133	19	30	14	15	7	86	62	84	17	24	154	50	34	29	25	38	41	20	28	37	32	30	44	31	24	118	61	43	52	30	29	18	3	16	46	24	19	41	13	12	86	0	31	19	4	74	16	70	20	7	46	7	11	32	48	38	23	49	10	12	24	13	6	107
